85
525 1.136028604934e+10
526 7.558300173733e+09
527 6.553607161444e+09
528 6.867364518203e+09
529 9.519819360265e+09
530 1.024997013411e+10
531 9.205444823766e+09
532 6.212783274820e+09
533 6.082169164458e+09
534 1.074601037684e+10
535 7.726109636779e+09
536 9.482009498336e+09
537 7.152627959569e+09
538 7.180399671434e+09
539 6.982520035275e+09
540 1.266900366182e+10
541 7.611138370157e+09
542 1.025386963957e+10
543 1.279068140566e+10
544 6.028770785617e+09
545 1.047824747202e+10
546 6.505440157346e+09
547 8.805123082572e+09
548 8.513980501962e+09
549 1.236833958835e+10
550 9.498327360466e+09
551 4.068517811172e+09
552 7.259479824963e+09
553 1.183853625237e+10
554 5.769997033250e+09
555 7.309001265341e+09
556 1.007196566103e+10
557 9.575433233559e+09
558 6.120661024399e+09
559 1.044829595167e+10
560 6.132601069142e+09
561 8.136915201767e+09
562 9.248914277429e+09
563 9.713012648435e+09
564 7.118910068689e+09
565 1.032001289025e+10
566 6.936874089200e+09
567 9.199104093733e+09
568 5.855685483358e+09
569 6.651660955475e+09
570 8.834892266018e+09
571 8.467457470332e+09
572 7.124634410987e+09
573 8.436549385199e+09
574 9.979258495983e+09
575 1.204826268432e+10
576 1.278318749579e+10
577 6.618495819502e+09
578 5.347376422380e+09
579 7.518001865993e+09
580 1.073809463648e+10
581 1.051978193373e+10
582 6.212286128764e+09
583 6.556172080989e+09
584 5.612177322530e+09
675 9.379749196162e+09
676 1.016036751899e+10
677 1.024497938265e+10
678 8.780940335444e+09
679 6.957521326833e+09
680 9.746088515204e+09
681 9.522123855046e+09
682 1.027713687597e+10
683 1.000272016714e+10
684 7.637090983243e+09
685 7.427894791701e+09
686 1.027261244565e+10
687 7.644161788320e+09
688 6.186086017557e+09
689 1.225523432483e+10
690 6.435420615466e+09
691 5.195484261133e+09
692 9.967127975557e+09
693 1.145566109425e+10
694 8.918057857422e+09
695 9.932083998519e+09
696 7.668549497676e+09
697 7.542501053159e+09
698 8.554705552306e+09
699 1.113945008473e+10
