85
700 4.106399046891e+09
701 6.328282101378e+09
702 7.266951301728e+09
703 9.913215676408e+09
704 4.841899646960e+09
705 7.578056370258e+09
706 6.719611825506e+09
707 7.321465810088e+09
708 9.419225017029e+09
709 7.427424336510e+09
710 8.569721683747e+09
711 7.979197674606e+09
712 5.529115762548e+09
713 9.040172940292e+09
714 4.285836654916e+09
715 7.734922034771e+09
716 1.027609681330e+10
717 9.950980003186e+09
718 7.517150993574e+09
719 5.421692863667e+09
720 3.860312245203e+09
721 7.158210852947e+09
722 5.217914960811e+09
723 8.066221243341e+09
724 8.867046112137e+09
725 7.641934268952e+09
726 7.464703056333e+09
727 8.981773208682e+09
728 7.988155761988e+09
729 4.915274589409e+09
730 4.546308754729e+09
731 3.873489061011e+09
732 7.180590486781e+09
733 6.904205911768e+09
734 9.993411245280e+09
735 5.511662380323e+09
736 8.983366125967e+09
737 7.644182425904e+09
738 9.680981822355e+09
739 4.940234719452e+09
740 3.789517169758e+09
741 7.433624331842e+09
742 5.251875837524e+09
743 6.987820770790e+09
744 7.518585146024e+09
745 4.629563761164e+09
746 7.085357474907e+09
747 5.249771575505e+09
748 4.282752922843e+09
749 9.531526982881e+09
750 1.015210451560e+10
751 5.059843829880e+09
752 1.028165870134e+10
753 6.371371877632e+09
754 6.500578239802e+09
755 1.030229873271e+10
756 8.947578526779e+09
757 6.270078355960e+09
758 7.413019184464e+09
759 8.001523502863e+09
850 6.405993086057e+09
851 5.539661049400e+09
852 4.991421563306e+09
853 4.463441807521e+09
854 8.190507632073e+09
855 9.887651583947e+09
856 8.060183644096e+09
857 6.747379172422e+09
858 7.681409923549e+09
859 6.624699145297e+09
860 5.381739411179e+09
861 7.813200843155e+09
862 6.896061715426e+09
863 1.006285964693e+10
864 8.589640382342e+09
865 8.198746851815e+09
866 4.828396541766e+09
867 4.040162542254e+09
868 1.028632839935e+10
869 8.124566480645e+09
870 5.177029732039e+09
871 5.600415219783e+09
872 7.561569747004e+09
873 7.408077870772e+09
874 5.747683672531e+09
