85
175 2.447316303089e+09
176 2.830475277215e+09
177 2.546843279027e+09
178 4.342622384469e+09
179 2.739602489923e+09
180 4.744625393935e+09
181 3.924269801309e+09
182 5.229074521900e+09
183 3.994950554606e+09
184 3.567854384244e+09
185 4.629485914698e+09
186 2.086980568891e+09
187 4.249811373174e+09
188 3.816079849514e+09
189 3.716797123078e+09
190 5.205417296150e+09
191 1.869250340890e+09
192 4.622010305591e+09
193 4.292902005020e+09
194 3.024353559073e+09
195 3.540975729320e+09
196 3.400853998017e+09
197 3.985971146099e+09
198 4.319808583776e+09
199 2.732066159159e+09
200 3.050694027853e+09
201 4.361139753399e+09
202 4.465888659526e+09
203 3.833928887102e+09
204 2.239222880587e+09
205 2.854705947801e+09
206 4.056191931541e+09
207 3.523857693397e+09
208 4.266179217084e+09
209 5.276593817272e+09
210 4.275068849575e+09
211 3.571824342187e+09
212 5.200097215970e+09
213 5.601235954749e+09
214 3.636970726986e+09
215 3.926461243488e+09
216 1.432604669145e+09
217 3.173543663911e+09
218 3.260917756945e+09
219 4.694448431149e+09
220 4.391903284341e+09
221 4.756460462130e+09
222 4.004752920962e+09
223 4.605869998141e+09
224 2.962445168435e+09
225 4.605433614016e+09
226 4.489893032291e+09
227 3.838138830610e+09
228 3.714678448627e+09
229 1.708250225852e+09
230 3.883247307128e+09
231 3.459636931018e+09
232 2.641590454551e+09
233 4.026941196046e+09
234 2.485745361482e+09
325 3.273461413968e+09
326 4.221719728812e+09
327 3.483828851549e+09
328 2.838259828582e+09
329 2.547268018536e+09
330 3.430941824189e+09
331 4.103890716340e+09
332 4.531167085082e+09
333 2.799547561944e+09
334 2.111139954791e+09
335 3.114508077260e+09
336 2.501179503834e+09
337 3.678753289972e+09
338 2.360647007601e+09
339 2.561292921960e+09
340 3.691620811388e+09
341 4.462599338792e+09
342 3.324069678332e+09
343 2.872760813887e+09
344 2.481530578140e+09
345 3.045913134497e+09
346 6.687957862092e+09
347 3.817554955465e+09
348 1.805597434851e+09
349 2.721752099157e+09
