540
60 3.627550784723e+09
61 4.823422525004e+09
62 3.675965345587e+09
63 3.190200081075e+09
64 3.541841156311e+09
65 2.874340932079e+09
66 2.725900689863e+09
67 3.188630456474e+09
68 3.059748587992e+09
69 3.561683626947e+09
70 4.891880322947e+09
71 3.003127801224e+09
72 3.757804555235e+09
73 3.099476563027e+09
74 2.723314549371e+09
75 1.640579906594e+09
76 2.029434589972e+09
77 2.259363418955e+09
78 4.404826823081e+09
79 3.063503403958e+09
80 4.542245801677e+09
81 4.010758154703e+09
82 2.164367438072e+09
83 3.110999465606e+09
84 3.299614779397e+09
85 4.462587647717e+09
86 3.152795494611e+09
87 2.317342664647e+09
88 2.545527735360e+09
89 3.270596373661e+09
90 4.146461420747e+09
91 3.523718520460e+09
92 1.768056405984e+09
93 3.782306915542e+09
94 3.499516321280e+09
95 3.661003537721e+09
96 1.476114692486e+09
97 4.344422190265e+09
98 2.720364576993e+09
99 3.085011259221e+09
100 2.710380658375e+09
101 2.343688133964e+09
102 3.782107183155e+09
103 4.260042340800e+09
104 3.292261024410e+09
105 1.831542417709e+09
106 2.191079685491e+09
107 3.511493913662e+09
108 3.602124722377e+09
109 4.608047803363e+09
110 3.289323020143e+09
111 3.863828307713e+09
112 3.703172915786e+09
113 3.216738251851e+09
114 2.649110174367e+09
115 2.671221694770e+09
116 4.145331751011e+09
117 1.772314175496e+09
118 3.027260481911e+09
119 3.763634155083e+09
120 3.129719518023e+09
121 3.562503118631e+09
122 2.347618911673e+09
123 2.475624206345e+09
124 3.418137289635e+09
125 3.494053595104e+09
126 3.441846745003e+09
127 3.184101342017e+09
128 4.275725952067e+09
129 3.787468055792e+09
130 2.831441424146e+09
131 3.781917558391e+09
132 4.123945778363e+09
133 3.176937288153e+09
134 4.466327292786e+09
135 1.682180951686e+09
136 3.754543984807e+09
137 2.489956445365e+09
138 3.649447133636e+09
139 3.943645512163e+09
140 4.013445746579e+09
141 4.762930050035e+09
142 3.179963160731e+09
143 2.479953842224e+09
144 4.937236447939e+09
145 2.958990956811e+09
146 2.884400476028e+09
147 3.057612911469e+09
148 1.882125218359e+09
149 4.019913208162e+09
235 4.206049593588e+09
236 4.053039777852e+09
237 2.814914002605e+09
238 4.242834496665e+09
239 1.886633969854e+09
240 1.983880919523e+09
241 3.555668423200e+09
242 1.276906244346e+09
243 3.866400590432e+09
244 3.496639222235e+09
245 3.400897700842e+09
246 4.610176910373e+09
247 3.787804510982e+09
248 4.746056259031e+09
249 4.503037536224e+09
250 4.584807003264e+09
251 3.556978209799e+09
252 3.902708229564e+09
253 3.670484266631e+09
254 4.705932346520e+09
255 3.320684489942e+09
256 2.467205211517e+09
257 3.832397665099e+09
258 3.549044711930e+09
259 2.889853377784e+09
260 4.641204850741e+09
261 2.256004634327e+09
262 4.480232285748e+09
263 2.884005759532e+09
264 4.545567124521e+09
265 2.731922417373e+09
266 4.384834928700e+09
267 3.291860960654e+09
268 4.461615602209e+09
269 4.270032439816e+09
270 4.435603079125e+09
271 3.688689125138e+09
272 4.702303577750e+09
273 3.435114275524e+09
274 3.761689630073e+09
275 3.834157605661e+09
276 2.782787988854e+09
277 4.101471508787e+09
278 4.238478092516e+09
279 2.736571839216e+09
280 3.209326341900e+09
281 3.764078081881e+09
282 4.549355136644e+09
283 3.754452977814e+09
284 2.804992984158e+09
285 2.872245350002e+09
286 3.583621502464e+09
287 3.946977397030e+09
288 2.140489875795e+09
289 3.335235690808e+09
290 4.300246151381e+09
291 4.023343703081e+09
292 4.269601151556e+09
293 3.629612259641e+09
294 3.339021943755e+09
295 1.650490973888e+09
296 3.788413246154e+09
297 2.515829952169e+09
298 2.540522703069e+09
299 2.934769725328e+09
300 3.046958597381e+09
301 2.879821505550e+09
302 2.568414429697e+09
303 3.751754233973e+09
304 3.254814724072e+09
305 1.882842548015e+09
306 3.294503723444e+09
307 3.461465666989e+09
308 3.137103305022e+09
309 4.759569357196e+09
310 4.018127476836e+09
311 3.641892235881e+09
312 2.879103608897e+09
313 4.735316331705e+09
314 3.598275961847e+09
315 2.850489561575e+09
316 2.773152636169e+09
317 3.733095552859e+09
318 4.180607746870e+09
319 3.402158743522e+09
320 4.270558102806e+09
321 3.465383414533e+09
322 4.560471960387e+09
323 3.257085105060e+09
324 3.622415841126e+09
410 3.446498248603e+09
411 2.991511977957e+09
412 4.181166316906e+09
413 2.928624516379e+09
414 4.550293908100e+09
415 3.380124111410e+09
416 2.339758146574e+09
417 3.057726410746e+09
418 4.118619939736e+09
419 3.048978243824e+09
420 2.922001913118e+09
421 3.073633486971e+09
422 2.365132101302e+09
423 3.216784234732e+09
424 3.092410840973e+09
425 4.467300684432e+09
426 3.891774455652e+09
427 2.763872962131e+09
428 2.683452909657e+09
429 4.460874272724e+09
430 3.413395348224e+09
431 3.554058765799e+09
432 4.305150585555e+09
433 3.046084566473e+09
434 3.620673539251e+09
435 2.083687942418e+09
436 3.823645488771e+09
437 3.269964155739e+09
438 4.662986399503e+09
439 4.340405793552e+09
440 4.195608591658e+09
441 4.328221534979e+09
442 3.097401461534e+09
443 3.433323866647e+09
444 3.417307707350e+09
445 4.277424101224e+09
446 2.385379088801e+09
447 2.511964068118e+09
448 2.916320922223e+09
449 2.126935200662e+09
450 2.774675416483e+09
451 3.495944634186e+09
452 3.664021836122e+09
453 4.153201189287e+09
454 3.903740532512e+09
455 3.641527221731e+09
456 3.945053828718e+09
457 3.356534700450e+09
458 1.922158472495e+09
459 3.025138089507e+09
460 4.417044172915e+09
461 3.758193082031e+09
462 4.668828140283e+09
463 3.865219363496e+09
464 3.736142404041e+09
465 4.421815861685e+09
466 3.584611650012e+09
467 3.783495460810e+09
468 4.949604747169e+09
469 3.747106299058e+09
470 3.463426764411e+09
471 4.462759655273e+09
472 3.974163970816e+09
473 2.780146722077e+09
474 3.028965341266e+09
475 3.862175438899e+09
476 3.864291405694e+09
477 3.821577965535e+09
478 2.747987641935e+09
479 2.851866781870e+09
480 4.068355177690e+09
481 3.963572081495e+09
482 3.337559510114e+09
483 4.361314794130e+09
484 2.257958273827e+09
485 3.102005334363e+09
486 3.318535517047e+09
487 2.817493457150e+09
488 3.182302992485e+09
489 2.108723736730e+09
490 3.405108057128e+09
491 3.461010685760e+09
492 4.448944687705e+09
493 3.341697943805e+09
494 4.187626026947e+09
495 4.617338147316e+09
496 4.494976133205e+09
497 3.717384280793e+09
498 2.390221794177e+09
499 4.507958122296e+09
585 4.973837226579e+09
586 3.230652614181e+09
587 2.604688038971e+09
588 3.308420955026e+09
589 4.296743897967e+09
590 2.965815737437e+09
591 4.304809706330e+09
592 2.866431014896e+09
593 4.461228739897e+09
594 4.074010053290e+09
595 3.760694122544e+09
596 2.948163009719e+09
597 4.545589087042e+09
598 2.789330814722e+09
599 4.485704915779e+09
600 2.440558665469e+09
601 2.396451754692e+09
602 3.812095233976e+09
603 3.127782003624e+09
604 3.802638155929e+09
605 4.510158958040e+09
606 3.340583568061e+09
607 3.839895603889e+09
608 2.873831581261e+09
609 1.619841821052e+09
610 3.010288743914e+09
611 2.072869309236e+09
612 2.674196326130e+09
613 3.122334779715e+09
614 4.366097857105e+09
615 3.813216887487e+09
616 3.630680804720e+09
617 3.357658725954e+09
618 4.620661993584e+09
619 2.358089215054e+09
620 4.770667405982e+09
621 4.948295700348e+09
622 2.796342637939e+09
623 3.064082422397e+09
624 4.056807833871e+09
625 3.766749787836e+09
626 3.084300281838e+09
627 3.724915430791e+09
628 2.173468996466e+09
629 4.225902035824e+09
630 2.487304137519e+09
631 4.741897854253e+09
632 3.651376774823e+09
633 3.668508433513e+09
634 3.485961127590e+09
635 3.696591632834e+09
636 3.933440794230e+09
637 3.759089368810e+09
638 4.506719281321e+09
639 4.841060525878e+09
640 3.956031615212e+09
641 2.319293243576e+09
642 4.999740553589e+09
643 4.125945462761e+09
644 4.745456535558e+09
645 3.375085385494e+09
646 2.787282159205e+09
647 4.568081484969e+09
648 4.451154581475e+09
649 3.756512505156e+09
650 4.767897977758e+09
651 4.522219522629e+09
652 4.231922837093e+09
653 3.319977922424e+09
654 2.249820075983e+09
655 2.725389238794e+09
656 2.282364028395e+09
657 3.406801100646e+09
658 3.082852288271e+09
659 4.242792881190e+09
660 3.217955296156e+09
661 3.198756921032e+09
662 4.203209019780e+09
663 2.494106053160e+09
664 2.899941472346e+09
665 3.352933938871e+09
666 2.245080110015e+09
667 3.293637179176e+09
668 2.931038438286e+09
669 3.609327035795e+09
670 3.299134096475e+09
671 3.597526260148e+09
672 4.884171546117e+09
673 3.308422081867e+09
674 3.308056860860e+09
760 3.729173958317e+09
761 4.540696600501e+09
762 4.413042050918e+09
763 3.375658209263e+09
764 3.376617341890e+09
765 3.126888399352e+09
766 3.341385397543e+09
767 3.019005833815e+09
768 3.162988309321e+09
769 4.067463426683e+09
770 4.583148943058e+09
771 3.967505924299e+09
772 3.029739519033e+09
773 4.913494894850e+09
774 3.734279269705e+09
775 2.595038728856e+09
776 3.166134658859e+09
777 3.369912209219e+09
778 4.281422236692e+09
779 3.451097186316e+09
780 4.715538153604e+09
781 2.787573972480e+09
782 2.683497759267e+09
783 4.900371510376e+09
784 1.768413384453e+09
785 3.354223475250e+09
786 3.092735694405e+09
787 4.105611280191e+09
788 1.560896740460e+09
789 3.559402588056e+09
790 3.460100155128e+09
791 4.524343054771e+09
792 4.349455824015e+09
793 4.960715334787e+09
794 4.684868273605e+09
795 3.448054159354e+09
796 3.574741223932e+09
797 3.047562669064e+09
798 4.531965700892e+09
799 4.753412533679e+09
800 1.559075181197e+09
801 3.342119327024e+09
802 2.020173530936e+09
803 2.338926601821e+09
804 3.184995693456e+09
805 3.981013387758e+09
806 2.855291815741e+09
807 4.250334617505e+09
808 3.859475331958e+09
809 3.087019578278e+09
810 3.647681442701e+09
811 4.413180679616e+09
812 2.839057140227e+09
813 3.346596932394e+09
814 3.548437857879e+09
815 4.818919382485e+09
816 3.695439496160e+09
817 4.950909897082e+09
818 3.863662489454e+09
819 1.874585709932e+09
820 3.997366975461e+09
821 3.906787014702e+09
822 4.398621456980e+09
823 3.760346975111e+09
824 3.894543004499e+09
825 1.759982687692e+09
826 3.989029199859e+09
827 3.552002064320e+09
828 4.318856662194e+09
829 4.938428836709e+09
830 3.282715122728e+09
831 2.165700410167e+09
832 4.497913087342e+09
833 3.830547823596e+09
834 3.849889820540e+09
835 4.072111522703e+09
836 4.511860654767e+09
837 3.505667589521e+09
838 4.650320941748e+09
839 2.743260402791e+09
840 2.995861566360e+09
841 2.195796580610e+09
842 4.553529419827e+09
843 4.498316953429e+09
844 4.307442694635e+09
845 4.363517390370e+09
846 3.894496055628e+09
847 4.589466738720e+09
848 2.274634379134e+09
849 3.152298696481e+09
935 4.101604707159e+09
936 3.125044259168e+09
937 3.388778853985e+09
938 4.330513060437e+09
939 2.781913921918e+09
940 2.881319025067e+09
941 1.423044833934e+09
942 4.854992435127e+09
943 3.276556420636e+09
944 2.996149168679e+09
945 4.034973470855e+09
946 4.354024874020e+09
947 4.673390430262e+09
948 4.197292615024e+09
949 4.344742699105e+09
950 3.586909995713e+09
951 3.152068717325e+09
952 3.996872114317e+09
953 3.172583028533e+09
954 3.206651182041e+09
955 3.246234870157e+09
956 4.684750610325e+09
957 1.824697905993e+09
958 2.501406963435e+09
959 2.095177963992e+09
960 4.207127766469e+09
961 3.566734384658e+09
962 2.270686617427e+09
963 4.050596451014e+09
964 4.257451063686e+09
965 3.865981815584e+09
966 2.980356471689e+09
967 2.727102062653e+09
968 4.200038476316e+09
969 3.435722855799e+09
970 2.107219377661e+09
971 4.968438726926e+09
972 2.335273195165e+09
973 3.847452971123e+09
974 4.685961080641e+09
975 4.688333271336e+09
976 2.301081090234e+09
977 4.069621338655e+09
978 4.686244302412e+09
979 1.540516527794e+09
980 4.481378049934e+09
981 4.451046211914e+09
982 2.809402563674e+09
983 2.926204216728e+09
984 1.805551292242e+09
985 4.647678404677e+09
986 2.079610219972e+09
987 4.873318985371e+09
988 3.059584671101e+09
989 2.901144372477e+09
990 2.263258420031e+09
991 2.590359077403e+09
992 2.328071085272e+09
993 3.722905846097e+09
994 2.336550453321e+09
995 3.570020662301e+09
996 3.132803266763e+09
997 3.867809683184e+09
998 2.773207842834e+09
999 4.538975021559e+09
1000 4.385578255890e+09
1001 3.756402076464e+09
1002 3.924078393422e+09
1003 1.675506166256e+09
1004 3.521314420104e+09
1005 4.826262129075e+09
1006 3.702551125241e+09
1007 4.902449768181e+09
1008 1.816739619247e+09
1009 4.477268348642e+09
1010 2.759277086985e+09
1011 4.321996772018e+09
1012 2.779137229502e+09
1013 2.384310781708e+09
1014 2.854131353622e+09
1015 3.325948944669e+09
1016 2.412391025603e+09
1017 3.246146620962e+09
1018 1.814528079438e+09
1019 3.217405902698e+09
1020 2.538282991776e+09
1021 3.151589307614e+09
1022 1.160872462660e+09
1023 4.617706143902e+09
1024 3.970717193144e+09
