85
0 2.331199209535e+09
1 3.275623293876e+09
2 1.750188572142e+09
3 5.230621264372e+09
4 4.578515281574e+09
5 2.226006907350e+09
6 3.788333626099e+09
7 4.482046906907e+09
8 3.244509835296e+09
9 5.355307034768e+09
10 3.498429753754e+09
11 5.097650918285e+09
12 2.760479134576e+09
13 3.378502163996e+09
14 2.404620035727e+09
15 2.426223359562e+09
16 4.375775349002e+09
17 3.671277228626e+09
18 2.921230842273e+09
19 4.099828288932e+09
20 2.432773781488e+09
21 2.776242201442e+09
22 3.326563365759e+09
23 4.279492282084e+09
24 5.204480872186e+09
25 4.434788816599e+09
26 2.520204931980e+09
27 3.575730108590e+09
28 3.423473541474e+09
29 4.133151328245e+09
30 3.876429107343e+09
31 4.429610347259e+09
32 4.167002460926e+09
33 3.856506481921e+09
34 2.717597713700e+09
35 4.346068567853e+09
36 3.719001036765e+09
37 3.666449284010e+09
38 4.268227447206e+09
39 2.982743135018e+09
40 3.936789130997e+09
41 1.342386032920e+09
42 3.327560591277e+09
43 3.142594625557e+09
44 3.058207642470e+09
45 4.347309336942e+09
46 2.914563451090e+09
47 3.708963884777e+09
48 2.474133793998e+09
49 4.213390871205e+09
50 3.684485674238e+09
51 4.872852276025e+09
52 5.096795996875e+09
53 2.580764661571e+09
54 5.820293690911e+09
55 5.874391817382e+09
56 4.577423845227e+09
57 3.244831481101e+09
58 2.552992131832e+09
59 4.180627203872e+09
150 2.722739235895e+09
151 4.177000635655e+09
152 4.051657188521e+09
153 5.758958673265e+09
154 3.753478670706e+09
155 4.862347178459e+09
156 3.563162148288e+09
157 4.099319074170e+09
158 3.186764693125e+09
159 5.539654182002e+09
160 5.552365535453e+09
161 5.601532983296e+09
162 4.992156377456e+09
163 4.357724832883e+09
164 1.745083929394e+09
165 3.468727253329e+09
166 3.525244647744e+09
167 2.651240370723e+09
168 2.885411731758e+09
169 3.510588075765e+09
170 1.884479807061e+09
171 4.118606400604e+09
172 3.397688110458e+09
173 4.855231537816e+09
174 3.070232505967e+09
