85
875 1.103308689619e+10
876 1.428160871711e+10
877 9.670990125661e+09
878 9.524136667903e+09
879 1.090989280315e+10
880 1.353038475425e+10
881 1.015711002877e+10
882 7.844208647831e+09
883 1.172194366430e+10
884 1.587477118154e+10
885 7.353641775906e+09
886 1.035862342996e+10
887 1.542645167661e+10
888 1.476782198376e+10
889 8.625327051057e+09
890 1.061769601909e+10
891 1.583332458225e+10
892 1.041728269840e+10
893 1.318108954782e+10
894 1.341642945680e+10
895 6.514713003993e+09
896 6.400078861250e+09
897 1.823696687137e+10
898 4.347101447808e+09
899 9.127026144370e+09
900 2.014768217833e+10
901 1.452756374715e+10
902 1.085341810364e+10
903 1.473360450826e+10
904 1.099119795638e+10
905 6.066645993083e+09
906 6.171982348265e+09
907 2.059017734878e+10
908 2.009850771351e+10
909 1.523786119800e+10
910 7.075524169408e+09
911 1.384889447326e+10
912 6.495512955458e+09
913 1.490531366267e+10
914 8.177373513326e+09
915 6.257308713613e+09
916 6.651734398417e+09
917 1.806183130145e+10
918 1.236429310101e+10
919 1.130614700859e+10
920 1.791672064103e+10
921 9.164784383183e+09
922 1.475620168633e+10
923 1.086622202864e+10
924 1.024638965408e+10
925 8.154489009549e+09
926 1.874681978568e+10
927 1.259920149298e+10
928 9.739284573421e+09
929 7.659606207246e+09
930 1.745286575303e+10
931 1.247202274505e+10
932 6.442502082726e+09
933 1.816279481436e+10
934 1.026025581819e+10
1025 5.662963984154e+09
1026 1.450953696374e+10
1027 1.219819093720e+10
1028 1.348527330362e+10
1029 1.406196793949e+10
1030 2.061776366251e+10
1031 6.994289828745e+09
1032 7.738777712526e+09
1033 1.299112789138e+10
1034 1.298369529557e+10
1035 1.316242843812e+10
1036 1.678517289592e+10
1037 9.342741459633e+09
1038 1.069259394966e+10
1039 1.559335952784e+10
1040 1.573139581040e+10
1041 2.158302654772e+10
1042 1.560278732555e+10
1043 1.021798361762e+10
1044 1.516869387816e+10
1045 1.457896393450e+10
1046 1.002403591358e+10
1047 1.037693977096e+10
1048 1.199609842437e+10
1049 1.105936559333e+10
