85
350 1.350649656401e+10
351 8.490684408640e+09
352 1.847195463509e+10
353 1.312526329587e+10
354 1.684098135575e+10
355 1.399308813262e+10
356 1.362318214840e+10
357 9.085250984235e+09
358 1.634639643816e+10
359 1.094488753260e+10
360 1.811563894130e+10
361 9.081100241229e+09
362 1.079489030794e+10
363 7.209499618567e+09
364 8.181041381388e+09
365 8.890777075933e+09
366 1.296557465240e+10
367 1.190248159679e+10
368 1.551128555066e+10
369 1.284071377110e+10
370 6.339613462715e+09
371 1.206980549825e+10
372 1.811930848850e+10
373 1.337044381993e+10
374 1.294967403365e+10
375 1.283392569307e+10
376 1.059561941405e+10
377 1.529491426671e+10
378 1.777167140027e+10
379 1.415595511368e+10
380 1.546022114566e+10
381 1.159178524337e+10
382 1.761697666267e+10
383 1.175070370541e+10
384 1.528597147521e+10
385 1.066348483682e+10
386 1.448159809937e+10
387 1.037064967525e+10
388 1.576381840625e+10
389 1.278868917258e+10
390 1.738072953488e+10
391 1.248822812252e+10
392 1.534038039760e+10
393 8.140200476410e+09
394 1.794691942887e+10
395 1.390729446438e+10
396 1.346331319750e+10
397 7.556419895468e+09
398 1.881010341657e+10
399 1.618035036911e+10
400 1.605423918882e+10
401 1.318503600783e+10
402 9.707389727510e+09
403 1.554795128962e+10
404 1.440584891596e+10
405 1.714460498776e+10
406 1.292685708803e+10
407 8.126177349727e+09
408 1.813634621187e+10
409 1.122146014354e+10
500 7.392036223613e+09
501 1.581331641266e+10
502 9.449175169587e+09
503 1.671120880701e+10
504 1.707411468732e+10
505 1.303041181730e+10
506 1.673152206416e+10
507 1.057834606997e+10
508 1.170852501782e+10
509 1.448797976624e+10
510 9.291649798784e+09
511 1.801168501655e+10
512 1.525139725200e+10
513 9.521110290816e+09
514 1.577972659368e+10
515 1.341873358728e+10
516 1.340589501899e+10
517 1.962142321213e+10
518 1.457049172633e+10
519 9.427008170071e+09
520 7.156002700391e+09
521 1.592377004918e+10
522 1.662145287130e+10
523 1.390242826403e+10
524 1.408606936489e+10
